"","Ciudad Huexotzinco","Ocotepec","Almoyahuacan","Tepetzinco","Coyotzinco","Zacapechpan","Xopanac Inn","Tocuillan","Atenco South","Mextla","Tepulequique","Acxotlan Tecpan","Zecalacoayan Aytec","Tepoliuhcan","Tlatenco","Temaxcalac","Moyotzingo","Coxtocan","Mendocinas Tetla","Atzompan","Malinaltepec","Chiauhtzinco Plains","Calpultitlan","Atenco North","Xalmimilolco","Atlicholoayan","Zacatepec","Tlachichilco","Atexcac","Tlayacaque","Xaltepetlapan","Tepalcatepec","Ahuatepec","Nepopohualco","Coatlichan","Tlalnahuac","San Salvador","Tenexcalco","Tlallancallecan","Apapaztlan","Amaxac","Autliztacan","Teotlaltzinco","Hueyacatitla","Aztatoacan","Atlacintla","Quetzallan","Tozcoque","Hueyatzacoalco","Tepatlaxco","Tzayanalquilocan","Atlixco","Quimichallan","Cuaco","Tianguizmanalco","Tepetlixpan","Tepenacaztla","Chalma","Acxotlan Acatocha","Analco","Chiatlan","Coyula","Tenextepec","Chilhuacan"
"Ciudad Huexotzinco",0,9.566,10.013,6.643,5.563,3.259,2.793,4.13,3.765,2.829,16.733,3.624,11.782,7.87,12.482,14.103,10.612,9.973,12.223,15.544,18.98,8.818,4.602,4.704,7.009,6.914,5.165,12.824,11.026,15.298,5.787,7.081,3.517,7.524,21.097,23.771,17.228,24.102,24.626,32.9,30.957,35.836,13.502,20.2,16.434,14.824,15.816,12.731,18.011,19.785,21.642,25.654,31.138,34.584,23.386,31.099,33.189,33.224,35.927,39.866,37.308,36.506,41.035,40.647
"Ocotepec",9.566,0,1.697,2.923,7.569,6.307,9.392,7.633,13.331,12.395,7.167,7.916,8.357,5.262,2.916,17.299,14.862,10.329,11.171,12.434,17.928,7.089,10.807,14.27,15.562,11.388,14.731,10.956,12.113,6.953,11.621,16.647,13.083,4.722,21.33,24.004,17.461,24.335,24.896,33.133,31.227,36.106,12.45,20.433,16.79,15.18,14.764,13.087,18.378,21.137,21.998,35.22,40.704,44.15,32.952,40.665,42.755,42.79,45.493,49.432,46.874,46.072,50.601,50.213
"Almoyahuacan",10.013,1.697,0,4.62,9.266,7.028,10.35,8.591,13.778,12.842,8.864,6.689,10.054,6.959,4.613,18.996,16.559,12.026,12.868,14.131,19.625,8.786,12.159,14.717,16.82,13.085,15.178,12.653,13.81,8.65,10.394,16.523,12.257,3.025,23.027,25.701,19.158,26.032,26.593,34.83,32.924,37.803,14.147,22.13,18.487,16.877,16.461,14.784,20.075,22.834,23.695,35.096,40.58,44.026,32.828,40.541,42.631,42.666,45.369,49.308,46.75,45.948,50.477,50.089
"Tepetzinco",6.643,2.923,4.62,0,5.269,3.384,6.469,4.71,10.408,9.472,10.09,4.993,7.397,3.485,5.839,15.522,13.085,8.552,9.394,12.038,16.151,5.312,8.278,11.347,12.939,9.088,11.808,13.879,13.937,9.876,8.698,13.724,10.16,7.645,19.553,22.227,15.684,22.558,23.119,31.356,29.45,34.329,10.673,18.656,15.013,13.403,12.987,11.31,16.601,19.36,20.221,32.297,37.781,41.227,30.029,37.742,39.832,39.867,42.57,46.509,43.951,43.149,47.678,47.29
"Coyotzinco",5.563,7.569,9.266,5.269,0,3.686,3.882,2.123,9.328,6.893,11.437,5.295,6.219,2.307,7.186,11.38,8.372,4.41,6.66,9.981,13.417,3.255,3.238,9.737,7.993,3.819,10.728,14.495,14.239,14.522,9,12.644,9.08,9.025,15.534,18.208,11.665,18.539,19.063,27.337,25.394,30.273,7.939,14.637,10.871,9.261,10.253,7.168,12.459,15.218,16.079,31.217,36.701,40.147,28.949,36.662,38.752,38.787,41.49,45.429,42.871,42.069,46.598,46.21
"Zacapechpan",3.259,6.307,7.028,3.384,3.686,0,3.322,1.563,7.024,6.088,13.474,1.609,9.905,5.993,9.223,14.632,11.141,8.096,10.346,13.667,17.103,6.941,5.131,7.963,9.792,7.443,8.424,10.809,10.553,13.113,5.314,10.34,6.776,5.339,19.22,21.894,15.351,22.225,22.749,31.023,29.08,33.959,11.625,18.323,14.557,12.947,13.939,10.854,16.145,18.904,19.765,28.913,34.397,37.843,26.645,34.358,36.448,36.483,39.186,43.125,40.567,39.765,44.294,43.906
"Xopanac Inn",2.793,9.392,10.35,6.469,3.882,3.322,0,1.759,6.558,3.011,15.319,4.931,10.101,6.189,11.068,11.31,7.819,7.507,10.542,13.863,17.299,7.137,1.809,5.855,6.47,4.121,7.958,14.131,13.819,16.345,8.58,9.874,6.31,8.661,19.416,22.09,15.547,22.421,22.16,31.219,28.491,33.37,11.821,18.519,13.968,12.358,13.995,10.265,15.218,16.992,19.176,28.447,33.931,37.377,26.179,33.892,35.982,36.017,38.72,42.659,40.101,39.299,43.828,43.44
"Tocuillan",4.13,7.633,8.591,4.71,2.123,1.563,1.759,0,7.895,4.77,13.56,3.172,8.342,4.43,9.309,13.069,9.578,6.533,8.783,12.104,15.54,5.378,3.568,7.614,8.229,5.88,9.295,12.372,12.116,14.586,6.877,11.211,7.647,6.902,17.657,20.331,13.788,20.662,21.186,29.46,27.517,32.396,10.062,16.76,12.994,11.384,12.376,9.291,14.582,17.341,18.202,29.784,35.268,38.714,27.516,35.229,37.319,37.354,40.057,43.996,41.438,40.636,45.165,44.777
"Atenco South",3.765,13.331,13.778,10.408,9.328,7.024,6.558,7.895,0,3.665,20.498,7.389,15.547,11.635,16.247,17.574,14.083,13.738,15.988,19.309,22.745,12.583,8.367,2.667,9.482,10.679,3.166,16.589,14.791,19.063,9.552,10.438,7.058,11.289,24.862,27.536,20.993,27.867,28.391,36.665,34.722,39.601,17.267,23.965,20.199,18.589,19.581,16.496,21.482,23.256,25.407,29.011,34.495,37.941,26.743,34.456,36.546,36.581,39.284,43.223,40.665,39.863,44.392,44.004
"Mextla",2.829,12.395,12.842,9.472,6.893,6.088,3.011,4.77,3.665,0,18.33,6.453,13.112,9.2,14.079,14.321,10.83,10.518,13.553,16.874,20.31,10.148,4.82,2.844,9.481,7.132,6.831,15.653,13.855,18.127,8.616,9.91,6.346,10.353,22.427,25.101,18.558,25.432,25.171,34.23,31.502,36.381,14.832,21.53,16.979,15.369,17.006,13.276,18.229,20.003,22.187,28.483,33.967,37.413,26.215,33.928,36.018,36.053,38.756,42.695,40.137,39.335,43.864,43.476
"Tepulequique",16.733,7.167,8.864,10.09,11.437,13.474,15.319,13.56,20.498,18.33,0,15.083,6.305,9.13,4.251,20.319,17.924,13.391,10.155,5.267,13.086,10.151,14.675,21.174,19.43,15.256,21.898,8.896,10.053,4.893,15.292,23.814,20.11,11.889,20.127,22.801,16.258,23.132,23.693,31.93,30.024,34.903,11.247,18.315,15.779,15.385,13.748,16.107,18.219,21.342,20.987,42.387,47.871,51.317,40.119,47.832,49.922,49.957,52.66,56.599,54.041,53.239,57.768,57.38
"Acxotlan Tecpan",3.624,7.916,6.689,4.993,5.295,1.609,4.931,3.172,7.389,6.453,15.083,0,11.514,7.602,10.832,16.241,12.75,9.705,11.955,15.276,18.712,8.55,6.74,8.328,10.633,9.052,8.789,9.2,8.944,11.674,3.705,9.834,5.568,3.9,20.829,23.503,16.96,23.834,24.358,32.632,30.689,35.568,13.234,19.932,16.166,14.556,15.548,12.463,17.754,20.513,21.374,28.407,33.891,37.337,26.139,33.852,35.942,35.977,38.68,42.619,40.061,39.259,43.788,43.4
"Zecalacoayan Aytec",11.782,8.357,10.054,7.397,6.219,9.905,10.101,8.342,15.547,13.112,6.305,11.514,0,3.912,5.441,14.056,11.619,7.086,4.439,4.668,11.196,3.846,9.457,15.956,14.212,10.038,16.947,15.201,16.358,11.198,15.219,18.863,15.299,13.079,14.598,17.272,10.729,17.603,18.164,26.401,24.495,29.374,5.718,13.701,10.063,9.669,8.032,9.844,12.503,15.626,15.271,37.436,42.92,46.366,35.168,42.881,44.971,45.006,47.709,51.648,49.09,48.288,52.817,52.429
"Tepoliuhcan",7.87,5.262,6.959,3.485,2.307,5.993,6.189,4.43,11.635,9.2,9.13,7.602,3.912,0,4.879,12.037,9.6,5.067,5.909,8.553,12.666,1.827,5.545,12.044,10.3,6.126,13.035,16.218,16.546,12.215,11.307,14.951,11.387,9.984,16.068,18.742,12.199,19.073,19.634,27.871,25.965,30.844,7.188,15.171,11.528,9.918,9.502,7.825,13.116,15.875,16.736,33.524,39.008,42.454,31.256,38.969,41.059,41.094,43.797,47.736,45.178,44.376,48.905,48.517
"Tlatenco",12.482,2.916,4.613,5.839,7.186,9.223,11.068,9.309,16.247,14.079,4.251,10.832,5.441,4.879,0,16.916,14.479,9.946,9.88,9.518,16.637,6.706,10.424,16.923,15.179,11.005,17.647,13.147,14.304,9.144,14.537,19.563,15.999,7.638,20.039,22.713,16.17,23.044,23.605,31.842,29.936,34.815,11.159,19.142,15.504,14.797,13.473,12.704,17.944,20.754,20.712,38.136,43.62,47.066,35.868,43.581,45.671,45.706,48.409,52.348,49.79,48.988,53.517,53.129
"Temaxcalac",14.103,17.299,18.996,15.522,11.38,14.632,11.31,13.069,17.574,14.321,20.319,16.241,14.056,12.037,16.916,0,3.491,6.97,10.164,15.052,16.567,10.21,9.501,14.907,8.092,8.044,19.268,25.441,25.129,24.252,19.89,21.184,17.62,19.971,15.306,17.98,11.437,12.285,11.557,23.464,17.888,22.767,11.089,14.409,8.19,7.094,8.106,4.212,4.436,5.682,8.68,39.757,45.241,48.687,37.489,45.202,47.292,47.327,50.03,53.969,51.411,50.609,55.138,54.75
"Moyotzingo",10.612,14.862,16.559,13.085,8.372,11.141,7.819,9.578,14.083,10.83,17.924,12.75,11.619,9.6,14.479,3.491,0,4.533,11.103,14.499,17.506,7.773,6.01,11.416,4.601,4.553,15.777,21.95,21.638,21.815,16.399,17.693,14.129,16.48,16.759,19.433,12.89,15.372,14.751,26.658,21.082,25.961,12.028,15.862,9.643,8.033,9.045,5.151,7.399,9.173,11.767,36.266,41.75,45.196,33.998,41.711,43.801,43.836,46.539,50.478,47.92,47.118,51.647,51.259
"Coxtocan",9.973,10.329,12.026,8.552,4.41,8.096,7.507,6.533,13.738,10.518,13.391,9.705,7.086,5.067,9.946,6.97,4.533,0,7.322,9.966,14.079,3.24,5.698,13.362,8.658,4.484,15.138,18.905,18.649,17.282,13.41,17.054,13.49,13.435,13.577,16.251,9.708,15.274,14.653,25.38,20.984,25.863,8.601,12.68,6.461,4.851,6.488,2.758,8.049,10.808,11.669,35.627,41.111,44.557,33.359,41.072,43.162,43.197,45.9,49.839,47.281,46.479,51.008,50.62
"Mendocinas Tetla",12.223,11.171,12.868,9.394,6.66,10.346,10.542,8.783,15.988,13.553,10.155,11.955,4.439,5.909,9.88,10.164,11.103,7.322,0,4.888,6.757,4.082,9.898,16.397,14.653,10.479,17.388,19.051,20.208,15.048,15.66,19.304,15.74,15.685,10.159,12.833,6.29,13.164,13.725,21.962,20.056,24.935,1.279,9.262,5.624,5.23,3.593,5.952,8.064,11.187,10.832,37.877,43.361,46.807,35.609,43.322,45.412,45.447,48.15,52.089,49.531,48.729,53.258,52.87
"Atzompan",15.544,12.434,14.131,12.038,9.981,13.667,13.863,12.104,19.309,16.874,5.267,15.276,4.668,8.553,9.518,15.052,14.499,9.966,4.888,0,7.819,6.726,13.219,19.718,17.974,13.8,20.709,14.163,15.32,10.16,18.981,22.625,19.061,17.156,14.86,17.534,10.991,17.865,18.426,26.663,24.757,29.636,5.98,13.048,10.512,10.118,8.481,10.84,12.952,16.075,15.72,41.198,46.682,50.128,38.93,46.643,48.733,48.768,51.471,55.41,52.852,52.05,56.579,56.191
"Malinaltepec",18.98,17.928,19.625,16.151,13.417,17.103,17.299,15.54,22.745,20.31,13.086,18.712,11.196,12.666,16.637,16.567,17.506,14.079,6.757,7.819,0,10.839,16.655,23.154,21.41,17.236,24.145,21.982,23.139,17.979,22.417,26.061,22.497,22.442,12.07,10.67,8.201,15.075,15.636,20.563,21.967,26.846,5.478,5.229,10.492,10.098,8.461,12.355,12.932,16.055,15.7,44.634,50.118,53.564,42.366,50.079,52.169,52.204,54.907,58.846,56.288,55.486,60.015,59.627
"Chiauhtzinco Plains",8.818,7.089,8.786,5.312,3.255,6.941,7.137,5.378,12.583,10.148,10.151,8.55,3.846,1.827,6.706,10.21,7.773,3.24,4.082,6.726,10.839,0,6.493,12.992,11.248,7.074,13.983,17.75,17.494,14.042,12.255,15.899,12.335,11.811,14.241,16.915,10.372,17.246,17.807,26.044,24.138,29.017,5.361,13.344,9.701,8.091,7.675,5.998,11.289,14.048,14.909,34.472,39.956,43.402,32.204,39.917,42.007,42.042,44.745,48.684,46.126,45.324,49.853,49.465
"Calpultitlan",4.602,10.807,12.159,8.278,3.238,5.131,1.809,3.568,8.367,4.82,14.675,6.74,9.457,5.545,10.424,9.501,6.01,5.698,9.898,13.219,16.655,6.493,0,7.664,4.966,2.312,9.767,15.94,15.628,17.76,10.389,11.683,8.119,10.47,18.772,21.446,14.903,20.972,20.351,30.575,26.682,31.561,11.177,17.875,12.159,10.549,12.186,8.456,13.409,15.183,17.367,30.256,35.74,39.186,27.988,35.701,37.791,37.826,40.529,44.468,41.91,41.108,45.637,45.249
"Atenco North",4.704,14.27,14.717,11.347,9.737,7.963,5.855,7.614,2.667,2.844,21.174,8.328,15.956,12.044,16.923,14.907,11.416,13.362,16.397,19.718,23.154,12.992,7.664,0,6.815,9.976,5.833,17.528,15.73,20.002,10.491,11.785,8.221,12.228,25.271,27.945,21.402,26.788,26.167,37.074,32.498,37.377,17.676,24.374,19.823,18.213,19.85,16.12,18.815,20.589,23.183,30.358,35.842,39.288,28.09,35.803,37.893,37.928,40.631,44.57,42.012,41.21,45.739,45.351
"Xalmimilolco",7.009,15.562,16.82,12.939,7.993,9.792,6.47,8.229,9.482,9.481,19.43,10.633,14.212,10.3,15.179,8.092,4.601,8.658,14.653,17.974,21.41,11.248,4.966,6.815,0,4.174,12.174,19.833,18.035,22.307,12.796,14.09,10.526,14.533,21.36,24.034,17.491,19.973,19.352,31.259,25.683,30.562,15.932,20.463,14.244,12.634,13.646,9.752,12,13.774,16.368,32.663,38.147,41.593,30.395,38.108,40.198,40.233,42.936,46.875,44.317,43.515,48.044,47.656
"Atlicholoayan",6.914,11.388,13.085,9.088,3.819,7.443,4.121,5.88,10.679,7.132,15.256,9.052,10.038,6.126,11.005,8.044,4.553,4.484,10.479,13.8,17.236,7.074,2.312,9.976,4.174,0,12.079,18.252,17.94,18.341,12.701,13.995,10.431,12.782,18.061,20.735,14.192,19.758,19.137,29.864,25.468,30.347,11.758,17.164,10.945,9.335,10.972,7.242,11.952,13.726,16.153,32.568,38.052,41.498,30.3,38.013,40.103,40.138,42.841,46.78,44.222,43.42,47.949,47.561
"Zacatepec",5.165,14.731,15.178,11.808,10.728,8.424,7.958,9.295,3.166,6.831,21.898,8.789,16.947,13.035,17.647,19.268,15.777,15.138,17.388,20.709,24.145,13.983,9.767,5.833,12.174,12.079,0,17.989,14.45,19.61,9.211,7.272,4.393,12.689,26.262,28.936,22.393,29.267,29.791,38.065,36.122,41.001,18.667,25.365,21.599,19.989,20.981,17.896,23.176,24.95,26.807,25.845,31.329,34.775,23.577,31.29,33.38,33.415,36.118,40.057,37.499,36.697,41.226,40.838
"Tlachichilco",12.824,10.956,12.653,13.879,14.495,10.809,14.131,12.372,16.589,15.653,8.896,9.2,15.201,16.218,13.147,25.441,21.95,18.905,19.051,14.163,21.982,17.75,15.94,17.528,19.833,18.252,17.989,0,3.632,4.003,8.871,17.955,13.689,11.777,29.023,31.697,25.154,32.028,32.589,40.826,38.92,43.799,20.143,27.211,24.675,23.756,22.644,21.663,26.954,29.713,29.883,36.528,42.012,45.458,34.26,41.973,44.063,44.098,46.801,50.74,48.182,47.38,51.909,51.521
"Atexcac",11.026,12.113,13.81,13.937,14.239,10.553,13.819,12.116,14.791,13.855,10.053,8.944,16.358,16.546,14.304,25.129,21.638,18.649,20.208,15.32,23.139,17.494,15.628,15.73,18.035,17.94,14.45,3.632,0,5.16,5.239,14.323,10.057,12.844,29.773,32.447,25.904,32.778,33.302,41.576,39.633,44.512,21.3,28.368,25.11,23.5,23.801,21.407,26.698,29.457,30.318,32.896,38.38,41.826,30.628,38.341,40.431,40.466,43.169,47.108,44.55,43.748,48.277,47.889
"Tlayacaque",15.298,6.953,8.65,9.876,14.522,13.113,16.345,14.586,19.063,18.127,4.893,11.674,11.198,12.215,9.144,24.252,21.815,17.282,15.048,10.16,17.979,14.042,17.76,20.002,22.307,18.341,19.61,4.003,5.16,0,10.399,19.483,15.217,7.774,25.02,27.694,21.151,28.025,28.586,36.823,34.917,39.796,16.14,23.208,20.672,20.278,18.641,20.04,23.112,26.235,25.88,38.056,43.54,46.986,35.788,43.501,45.591,45.626,48.329,52.268,49.71,48.908,53.437,53.049
"Xaltepetlapan",5.787,11.621,10.394,8.698,9,5.314,8.58,6.877,9.552,8.616,15.292,3.705,15.219,11.307,14.537,19.89,16.399,13.41,15.66,18.981,22.417,12.255,10.389,10.491,12.796,12.701,9.211,8.871,5.239,10.399,0,9.084,4.818,7.605,24.534,27.208,20.665,27.539,28.063,36.337,34.394,39.273,16.939,23.637,19.871,18.261,19.253,16.168,21.459,24.218,25.079,27.657,33.141,36.587,25.389,33.102,35.192,35.227,37.93,41.869,39.311,38.509,43.038,42.65
"Tepalcatepec",7.081,16.647,16.523,13.724,12.644,10.34,9.874,11.211,10.438,9.91,23.814,9.834,18.863,14.951,19.563,21.184,17.693,17.054,19.304,22.625,26.061,15.899,11.683,11.785,14.09,13.995,7.272,17.955,14.323,19.483,9.084,0,4.266,13.734,28.178,30.852,24.309,31.183,31.707,39.981,38.038,42.917,20.583,27.281,23.515,21.905,22.897,19.812,25.092,26.866,28.723,18.573,24.057,27.503,16.305,24.018,26.108,26.143,28.846,32.785,30.227,29.425,33.954,33.566
"Ahuatepec",3.517,13.083,12.257,10.16,9.08,6.776,6.31,7.647,7.058,6.346,20.11,5.568,15.299,11.387,15.999,17.62,14.129,13.49,15.74,19.061,22.497,12.335,8.119,8.221,10.526,10.431,4.393,13.689,10.057,15.217,4.818,4.266,0,9.468,24.614,27.288,20.745,27.619,28.143,36.417,34.474,39.353,17.019,23.717,19.951,18.341,19.333,16.248,21.528,23.302,25.159,22.839,28.323,31.769,20.571,28.284,30.374,30.409,33.112,37.051,34.493,33.691,38.22,37.832
"Nepopohualco",7.524,4.722,3.025,7.645,9.025,5.339,8.661,6.902,11.289,10.353,11.889,3.9,13.079,9.984,7.638,19.971,16.48,13.435,15.685,17.156,22.442,11.811,10.47,12.228,14.533,12.782,12.689,11.777,12.844,7.774,7.605,13.734,9.468,0,24.559,27.233,20.69,27.564,28.088,36.362,34.419,39.298,16.964,23.662,19.896,18.286,19.278,16.193,21.484,24.243,25.104,32.307,37.791,41.237,30.039,37.752,39.842,39.877,42.58,46.519,43.961,43.159,47.688,47.3
"Coatlichan",21.097,21.33,23.027,19.553,15.534,19.22,19.416,17.657,24.862,22.427,20.127,20.829,14.598,16.068,20.039,15.306,16.759,13.577,10.159,14.86,12.07,14.241,18.772,25.271,21.36,18.061,26.262,29.023,29.773,25.02,24.534,28.178,24.614,24.559,0,2.674,3.869,4.253,6.755,11.803,11.462,17.965,8.88,6.841,7.116,8.726,8.901,11.608,10.87,10.856,7.858,46.751,52.235,55.681,44.483,52.196,54.286,54.321,57.024,60.963,58.405,57.603,62.132,61.744
"Tlalnahuac",23.771,24.004,25.701,22.227,18.208,21.894,22.09,20.331,27.536,25.101,22.801,23.503,17.272,18.742,22.713,17.98,19.433,16.251,12.833,17.534,10.67,16.915,21.446,27.945,24.034,20.735,28.936,31.697,32.447,27.694,27.208,30.852,27.288,27.233,2.674,0,6.543,6.927,9.429,9.893,13.98,20.555,11.554,5.441,9.79,11.4,11.575,14.282,13.544,13.53,10.532,49.425,54.909,58.355,47.157,54.87,56.96,56.995,59.698,63.637,61.079,60.277,64.806,64.418
"San Salvador",17.228,17.461,19.158,15.684,11.665,15.351,15.547,13.788,20.993,18.558,16.258,16.96,10.729,12.199,16.17,11.437,12.89,9.708,6.29,10.991,8.201,10.372,14.903,21.402,17.491,14.192,22.393,25.154,25.904,21.151,20.665,24.309,20.745,20.69,3.869,6.543,0,6.874,7.435,15.672,13.766,18.645,5.011,2.972,3.247,4.857,5.032,7.739,7.001,9.506,7.648,42.882,48.366,51.812,40.614,48.327,50.417,50.452,53.155,57.094,54.536,53.734,58.263,57.875
"Tenexcalco",24.102,24.335,26.032,22.558,18.539,22.225,22.421,20.662,27.867,25.432,23.132,23.834,17.603,19.073,23.044,12.285,15.372,15.274,13.164,17.865,15.075,17.246,20.972,26.788,19.973,19.758,29.267,32.028,32.778,28.025,27.539,31.183,27.619,27.564,4.253,6.927,6.874,0,2.502,14.409,7.298,13.712,11.885,9.846,8.813,10.423,10.844,13.305,7.973,6.603,3.605,49.756,55.24,58.686,47.488,55.201,57.291,57.326,60.029,63.968,61.41,60.608,65.137,64.749
"Tlallancallecan",24.626,24.896,26.593,23.119,19.063,22.749,22.16,21.186,28.391,25.171,23.693,24.358,18.164,19.634,23.605,11.557,14.751,14.653,13.725,18.426,15.636,17.807,20.351,26.167,19.352,19.137,29.791,32.589,33.302,28.586,28.063,31.707,28.143,28.088,6.755,9.429,7.435,2.502,0,11.907,6.331,11.21,12.446,10.407,8.192,9.802,10.223,12.684,7.352,5.875,2.984,50.28,55.764,59.21,48.012,55.725,57.815,57.85,60.553,64.492,61.934,61.132,65.661,65.273
"Apapaztlan",32.9,33.133,34.83,31.356,27.337,31.023,31.219,29.46,36.665,34.23,31.93,32.632,26.401,27.871,31.842,23.464,26.658,25.38,21.962,26.663,20.563,26.044,30.575,37.074,31.259,29.864,38.065,40.826,41.576,36.823,36.337,39.981,36.417,36.362,11.803,9.893,15.672,14.409,11.907,0,8.772,12.127,20.683,15.334,18.919,20.529,20.704,23.411,19.259,17.782,14.891,58.554,64.038,67.484,56.286,63.999,66.089,66.124,68.827,72.766,70.208,69.406,73.935,73.547
"Amaxac",30.957,31.227,32.924,29.45,25.394,29.08,28.491,27.517,34.722,31.502,30.024,30.689,24.495,25.965,29.936,17.888,21.082,20.984,20.056,24.757,21.967,24.138,26.682,32.498,25.683,25.468,36.122,38.92,39.633,34.917,34.394,38.038,34.474,34.419,11.462,13.98,13.766,7.298,6.331,8.772,0,6.575,18.777,16.738,14.523,16.133,16.554,19.015,13.683,12.206,9.315,56.611,62.095,65.541,54.343,62.056,64.146,64.181,66.884,70.823,68.265,67.463,71.992,71.604
"Autliztacan",35.836,36.106,37.803,34.329,30.273,33.959,33.37,32.396,39.601,36.381,34.903,35.568,29.374,30.844,34.815,22.767,25.961,25.863,24.935,29.636,26.846,29.017,31.561,37.377,30.562,30.347,41.001,43.799,44.512,39.796,39.273,42.917,39.353,39.298,17.965,20.555,18.645,13.712,11.21,12.127,6.575,0,23.656,21.617,19.402,21.012,21.433,23.894,18.562,17.085,14.194,61.49,66.974,70.42,59.222,66.935,69.025,69.06,71.763,75.702,73.144,72.342,76.871,76.483
"Teotlaltzinco",13.502,12.45,14.147,10.673,7.939,11.625,11.821,10.062,17.267,14.832,11.247,13.234,5.718,7.188,11.159,11.089,12.028,8.601,1.279,5.98,5.478,5.361,11.177,17.676,15.932,11.758,18.667,20.143,21.3,16.14,16.939,20.583,17.019,16.964,8.88,11.554,5.011,11.885,12.446,20.683,18.777,23.656,0,7.983,5.014,4.62,2.983,6.877,7.454,10.577,10.222,39.156,44.64,48.086,36.888,44.601,46.691,46.726,49.429,53.368,50.81,50.008,54.537,54.149
"Hueyacatitla",20.2,20.433,22.13,18.656,14.637,18.323,18.519,16.76,23.965,21.53,18.315,19.932,13.701,15.171,19.142,14.409,15.862,12.68,9.262,13.048,5.229,13.344,17.875,24.374,20.463,17.164,25.365,27.211,28.368,23.208,23.637,27.281,23.717,23.662,6.841,5.441,2.972,9.846,10.407,15.334,16.738,21.617,7.983,0,6.219,7.829,8.004,10.711,9.973,12.478,10.62,45.854,51.338,54.784,43.586,51.299,53.389,53.424,56.127,60.066,57.508,56.706,61.235,60.847
"Aztatoacan",16.434,16.79,18.487,15.013,10.871,14.557,13.968,12.994,20.199,16.979,15.779,16.166,10.063,11.528,15.504,8.19,9.643,6.461,5.624,10.512,10.492,9.701,12.159,19.823,14.244,10.945,21.599,24.675,25.11,20.672,19.871,23.515,19.951,19.896,7.116,9.79,3.247,8.813,8.192,18.919,14.523,19.402,5.014,6.219,0,1.61,2.031,4.492,3.754,6.259,5.208,42.088,47.572,51.018,39.82,47.533,49.623,49.658,52.361,56.3,53.742,52.94,57.469,57.081
"Atlacintla",14.824,15.18,16.877,13.403,9.261,12.947,12.358,11.384,18.589,15.369,15.385,14.556,9.669,9.918,14.797,7.094,8.033,4.851,5.23,10.118,10.098,8.091,10.549,18.213,12.634,9.335,19.989,23.756,23.5,20.278,18.261,21.905,18.341,18.286,8.726,11.4,4.857,10.423,9.802,20.529,16.133,21.012,4.62,7.829,1.61,0,1.637,2.882,3.198,5.957,6.818,40.478,45.962,49.408,38.21,45.923,48.013,48.048,50.751,54.69,52.132,51.33,55.859,55.471
"Quetzallan",15.816,14.764,16.461,12.987,10.253,13.939,13.995,12.376,19.581,17.006,13.748,15.548,8.032,9.502,13.473,8.106,9.045,6.488,3.593,8.481,8.461,7.675,12.186,19.85,13.646,10.972,20.981,22.644,23.801,18.641,19.253,22.897,19.333,19.278,8.901,11.575,5.032,10.844,10.223,20.704,16.554,21.433,2.983,8.004,2.031,1.637,0,3.894,4.471,7.594,7.239,41.47,46.954,50.4,39.202,46.915,49.005,49.04,51.743,55.682,53.124,52.322,56.851,56.463
"Tozcoque",12.731,13.087,14.784,11.31,7.168,10.854,10.265,9.291,16.496,13.276,16.107,12.463,9.844,7.825,12.704,4.212,5.151,2.758,5.952,10.84,12.355,5.998,8.456,16.12,9.752,7.242,17.896,21.663,21.407,20.04,16.168,19.812,16.248,16.193,11.608,14.282,7.739,13.305,12.684,23.411,19.015,23.894,6.877,10.711,4.492,2.882,3.894,0,6.08,8.839,9.7,38.385,43.869,47.315,36.117,43.83,45.92,45.955,48.658,52.597,50.039,49.237,53.766,53.378
"Hueyatzacoalco",18.011,18.378,20.075,16.601,12.459,16.145,15.218,14.582,21.482,18.229,18.219,17.754,12.503,13.116,17.944,4.436,7.399,8.049,8.064,12.952,12.932,11.289,13.409,18.815,12,11.952,23.176,26.954,26.698,23.112,21.459,25.092,21.528,21.484,10.87,13.544,7.001,7.973,7.352,19.259,13.683,18.562,7.454,9.973,3.754,3.198,4.471,6.08,0,7.366,4.368,43.665,49.149,52.595,41.397,49.11,51.2,51.235,53.938,57.877,55.319,54.517,59.046,58.658
"Tepatlaxco",19.785,21.137,22.834,19.36,15.218,18.904,16.992,17.341,23.256,20.003,21.342,20.513,15.626,15.875,20.754,5.682,9.173,10.808,11.187,16.075,16.055,14.048,15.183,20.589,13.774,13.726,24.95,29.713,29.457,26.235,24.218,26.866,23.302,24.243,10.856,13.53,9.506,6.603,5.875,17.782,12.206,17.085,10.577,12.478,6.259,5.957,7.594,8.839,7.366,0,2.998,45.439,50.923,54.369,43.171,50.884,52.974,53.009,55.712,59.651,57.093,56.291,60.82,60.432
"Tzayanalquilocan",21.642,21.998,23.695,20.221,16.079,19.765,19.176,18.202,25.407,22.187,20.987,21.374,15.271,16.736,20.712,8.68,11.767,11.669,10.832,15.72,15.7,14.909,17.367,23.183,16.368,16.153,26.807,29.883,30.318,25.88,25.079,28.723,25.159,25.104,7.858,10.532,7.648,3.605,2.984,14.891,9.315,14.194,10.222,10.62,5.208,6.818,7.239,9.7,4.368,2.998,0,47.296,52.78,56.226,45.028,52.741,54.831,54.866,57.569,61.508,58.95,58.148,62.677,62.289
"Atlixco",25.654,35.22,35.096,32.297,31.217,28.913,28.447,29.784,29.011,28.483,42.387,28.407,37.436,33.524,38.136,39.757,36.266,35.627,37.877,41.198,44.634,34.472,30.256,30.358,32.663,32.568,25.845,36.528,32.896,38.056,27.657,18.573,22.839,32.307,46.751,49.425,42.882,49.756,50.28,58.554,56.611,61.49,39.156,45.854,42.088,40.478,41.47,38.385,43.665,45.439,47.296,0,6.913,10.36,5.552,10.51,12.6,12.635,15.338,19.277,16.719,12.282,17.837,20.058
"Quimichallan",31.138,40.704,40.58,37.781,36.701,34.397,33.931,35.268,34.495,33.967,47.871,33.891,42.92,39.008,43.62,45.241,41.75,41.111,43.361,46.682,50.118,39.956,35.74,35.842,38.147,38.052,31.329,42.012,38.38,43.54,33.141,24.057,28.323,37.791,52.235,54.909,48.366,55.24,55.764,64.038,62.095,66.974,44.64,51.338,47.572,45.962,46.954,43.869,49.149,50.923,52.78,6.913,0,5.44,7.752,15.465,17.555,17.59,20.293,24.232,16.643,7.361,12.916,25.013
"Cuaco",34.584,44.15,44.026,41.227,40.147,37.843,37.377,38.714,37.941,37.413,51.317,37.337,46.366,42.454,47.066,48.687,45.196,44.557,46.807,50.128,53.564,43.402,39.186,39.288,41.593,41.498,34.775,45.458,41.826,46.986,36.587,27.503,31.769,41.237,55.681,58.355,51.812,58.686,59.21,67.484,65.541,70.42,48.086,54.784,51.018,49.408,50.4,47.315,52.595,54.369,56.226,10.36,5.44,0,11.198,13.093,15.183,15.218,17.921,21.86,13.096,3.814,9.369,22.641
"Tianguizmanalco",23.386,32.952,32.828,30.029,28.949,26.645,26.179,27.516,26.743,26.215,40.119,26.139,35.168,31.256,35.868,37.489,33.998,33.359,35.609,38.93,42.366,32.204,27.988,28.09,30.395,30.3,23.577,34.26,30.628,35.788,25.389,16.305,20.571,30.039,44.483,47.157,40.614,47.488,48.012,56.286,54.343,59.222,36.888,43.586,39.82,38.21,39.202,36.117,41.397,43.171,45.028,5.552,7.752,11.198,0,7.713,9.803,9.838,12.541,16.48,13.922,13.12,17.649,17.261
"Tepetlixpan",31.099,40.665,40.541,37.742,36.662,34.358,33.892,35.229,34.456,33.928,47.832,33.852,42.881,38.969,43.581,45.202,41.711,41.072,43.322,46.643,50.079,39.917,35.701,35.803,38.108,38.013,31.29,41.973,38.341,43.501,33.102,24.018,28.284,37.752,52.196,54.87,48.327,55.201,55.725,63.999,62.056,66.935,44.601,51.299,47.533,45.923,46.915,43.83,49.11,50.884,52.741,10.51,15.465,13.093,7.713,0,2.09,2.125,4.828,8.767,6.209,9.279,9.936,9.548
"Tepenacaztla",33.189,42.755,42.631,39.832,38.752,36.448,35.982,37.319,36.546,36.018,49.922,35.942,44.971,41.059,45.671,47.292,43.801,43.162,45.412,48.733,52.169,42.007,37.791,37.893,40.198,40.103,33.38,44.063,40.431,45.591,35.192,26.108,30.374,39.842,54.286,56.96,50.417,57.291,57.815,66.089,64.146,69.025,46.691,53.389,49.623,48.013,49.005,45.92,51.2,52.974,54.831,12.6,17.555,15.183,9.803,2.09,0,3.594,2.738,6.677,8.299,11.369,12.026,9.946
"Chalma",33.224,42.79,42.666,39.867,38.787,36.483,36.017,37.354,36.581,36.053,49.957,35.977,45.006,41.094,45.706,47.327,43.836,43.197,45.447,48.768,52.204,42.042,37.826,37.928,40.233,40.138,33.415,44.098,40.466,45.626,35.227,26.143,30.409,39.877,54.321,56.995,50.452,57.326,57.85,66.124,64.181,69.06,46.726,53.424,49.658,48.048,49.04,45.955,51.235,53.009,54.866,12.635,17.59,15.218,9.838,2.125,3.594,0,6.332,10.271,4.884,11.404,8.611,7.423
"Acxotlan Acatocha",35.927,45.493,45.369,42.57,41.49,39.186,38.72,40.057,39.284,38.756,52.66,38.68,47.709,43.797,48.409,50.03,46.539,45.9,48.15,51.471,54.907,44.745,40.529,40.631,42.936,42.841,36.118,46.801,43.169,48.329,37.93,28.846,33.112,42.58,57.024,59.698,53.155,60.029,60.553,68.827,66.884,71.763,49.429,56.127,52.361,50.751,51.743,48.658,53.938,55.712,57.569,15.338,20.293,17.921,12.541,4.828,2.738,6.332,0,3.939,11.037,14.107,14.764,7.208
"Analco",39.866,49.432,49.308,46.509,45.429,43.125,42.659,43.996,43.223,42.695,56.599,42.619,51.648,47.736,52.348,53.969,50.478,49.839,52.089,55.41,58.846,48.684,44.468,44.57,46.875,46.78,40.057,50.74,47.108,52.268,41.869,32.785,37.051,46.519,60.963,63.637,57.094,63.968,64.492,72.766,70.823,75.702,53.368,60.066,56.3,54.69,55.682,52.597,57.877,59.651,61.508,19.277,24.232,21.86,16.48,8.767,6.677,10.271,3.939,0,14.976,18.046,18.703,3.269
"Chiatlan",37.308,46.874,46.75,43.951,42.871,40.567,40.101,41.438,40.665,40.137,54.041,40.061,49.09,45.178,49.79,51.411,47.92,47.281,49.531,52.852,56.288,46.126,41.91,42.012,44.317,44.222,37.499,48.182,44.55,49.71,39.311,30.227,34.493,43.961,58.405,61.079,54.536,61.41,61.934,70.208,68.265,73.144,50.81,57.508,53.742,52.132,53.124,50.039,55.319,57.093,58.95,16.719,16.643,13.096,13.922,6.209,8.299,4.884,11.037,14.976,0,9.282,3.727,12.307
"Coyula",36.506,46.072,45.948,43.149,42.069,39.765,39.299,40.636,39.863,39.335,53.239,39.259,48.288,44.376,48.988,50.609,47.118,46.479,48.729,52.05,55.486,45.324,41.108,41.21,43.515,43.42,36.697,47.38,43.748,48.908,38.509,29.425,33.691,43.159,57.603,60.277,53.734,60.608,61.132,69.406,67.463,72.342,50.008,56.706,52.94,51.33,52.322,49.237,54.517,56.291,58.148,12.282,7.361,3.814,13.12,9.279,11.369,11.404,14.107,18.046,9.282,0,5.555,18.827
"Tenextepec",41.035,50.601,50.477,47.678,46.598,44.294,43.828,45.165,44.392,43.864,57.768,43.788,52.817,48.905,53.517,55.138,51.647,51.008,53.258,56.579,60.015,49.853,45.637,45.739,48.044,47.949,41.226,51.909,48.277,53.437,43.038,33.954,38.22,47.688,62.132,64.806,58.263,65.137,65.661,73.935,71.992,76.871,54.537,61.235,57.469,55.859,56.851,53.766,59.046,60.82,62.677,17.837,12.916,9.369,17.649,9.936,12.026,8.611,14.764,18.703,3.727,5.555,0,16.034
"Chilhuacan",40.647,50.213,50.089,47.29,46.21,43.906,43.44,44.777,44.004,43.476,57.38,43.4,52.429,48.517,53.129,54.75,51.259,50.62,52.87,56.191,59.627,49.465,45.249,45.351,47.656,47.561,40.838,51.521,47.889,53.049,42.65,33.566,37.832,47.3,61.744,64.418,57.875,64.749,65.273,73.547,71.604,76.483,54.149,60.847,57.081,55.471,56.463,53.378,58.658,60.432,62.289,20.058,25.013,22.641,17.261,9.548,9.946,7.423,7.208,3.269,12.307,18.827,16.034,0
