"","Ciudad Huexotzinco","Ocotepec","Almoyahuacan","Tepetzinco","Coyotzinco","Zacapechpan","Xopanac Inn","Tocuillan","Atenco South","Mextla","Tepulequique","Acxotlan Tecpan","Zecalacoayan Aytec","Tepoliuhcan","Tlatenco","Temaxcalac","Moyotzingo","Coxtocan","Mendocinas Tetla","Atzompan","Malinaltepec","Chiauhtzinco Plains","Calpultitlan","Atenco North","Xalmimilolco","Atlicholoayan","Zacatepec","Tlachichilco","Atexcac","Tlayacaque","Xaltepetlapan","Tepalcatepec","Ahuatepec","Nepopohualco","Coatlichan","Tlalnahuac","San Salvador","Tenexcalco","Tlallancallecan","Apapaztlan","Amaxac","Autliztacan","Teotlaltzinco","Hueyacatitla","Aztatoacan","Atlacintla","Quetzallan","Tozcoque","Hueyatzacoalco","Tepatlaxco","Tzayanalquilocan","Atlixco","Quimichallan","Cuaco","Tianguizmanalco","Tepetlixpan","Tepenacaztla","Chalma","Acxotlan Acatocha","Analco","Chiatlan","Coyula","Tenextepec","Chilhuacan"
"Ciudad Huexotzinco",0,9.18753202694635,7.28962430669987,5.17949392940668,5.07780835541897,2.61863502902398,2.79599622602169,3.54652055040471,4.05857022494129,3.25091357825958,12.8365389127094,3.54602127911836,8.85762108065317,6.41652749269762,9.40919474349523,13.1082691339182,9.37009313209514,8.91325600524025,10.7805920259647,12.6709949212542,15.0591261377408,8.02721970655605,4.71848255378987,6.30737221280327,7.69772575999117,6.21537556287989,4.45426232868177,10.3235642412932,8.84849266665586,14.8010900198041,4.07074464277671,7.29831736427933,3.47047306061666,7.16909838220643,19.3247796235625,22.2330418238593,17.1681545392432,21.6782224285852,21.147940732693,28.9022486569846,24.1811125656914,31.0631124957236,13.7178752139628,18.8332820181363,15.087600547895,13.4868105604798,12.5955596066351,11.9443555661633,14.5877344478823,17.4736635790656,17.4809324031213,22.1378374712755,25.1279698645391,28.427637608538,22.49036164798,26.0514523512492,24.7574508373969,30.5034115850183,26.8814972725824,28.0372938206633,32.6770709052613,30.2738849933296,34.0693183669478,31.1028799776545
"Ocotepec",9.18753202694635,0,1.90727432037983,4.60828125518845,7.07771914494397,7.08425734161956,9.45420218831522,7.10084889185144,13.2454352152866,11.6563639650119,3.64902210784902,5.72670174328976,3.36026888591402,4.75340139566926,1.32152316479605,15.1756645756927,12.8676537351996,9.56766145087474,6.71735037216946,4.32428650735272,7.92952098346128,6.57060506436689,11.5966274789501,15.0495406165829,14.699325663038,10.5364302163298,12.5304295257179,2.35953950467403,2.93794028809642,6.01018348976571,6.23429268264322,12.7878326839774,9.18377441334747,2.23028517304115,14.9304225672838,15.9556771304296,12.3522987099427,17.0156153668645,19.0475458670534,22.8896937885675,20.3400516031397,26.5223762177487,8.54513205499408,12.0362298522526,12.6266877301192,10.8665638917642,9.74257898313162,12.1207799181816,14.3943626435896,17.3956363652355,15.404745147247,21.5590979195027,23.6867042931301,26.5020130236814,22.9620703388528,27.1324230137925,26.8266056850175,32.3501371789658,29.8090518502215,31.8072156671795,33.5789574944018,29.4345999431261,33.8269926919542,34.1066952060092
"Almoyahuacan",7.28962430669987,1.90727432037983,0,3.023500475026,5.70580277581461,5.27902531130138,7.72251729370074,5.44183675733834,11.34557386815,9.84580571803992,5.55103209383463,3.81990549268176,3.52820857361865,3.69724687782193,2.51350296751944,14.4490393251555,11.7823953362151,8.82675513190671,6.94648009393538,5.93468546198245,9.22968838458893,5.96958867832879,9.94799472910649,13.2310454812629,13.1167744072278,9.18202220895477,10.6622807602068,3.45025073322139,2.87565266660954,7.69570268034249,4.43577329089761,11.1580556729717,7.37757000867678,0.689162647461243,15.6556952086543,17.1723363354526,13.1216374888838,17.8456427323142,19.3094721391786,24.1038347698707,21.0218185333555,27.4226113157149,9.26465131868652,13.3332603827593,12.8045046556233,11.0043324859662,9.87591320266232,11.6600838122931,14.1124194618907,17.1758412920317,15.5813951765497,21.1905093655007,23.5335785391768,26.4859925916037,22.3948794410843,26.4899163611669,25.9896560560997,31.5985735122822,28.8362096273632,30.6946421634917,33.0210908348524,29.207223585613,33.5043651602896,33.1464276493554
"Tepetzinco",5.17949392940668,4.60828125518845,3.023500475026,0,2.73634302560613,2.68157794906864,4.87071475651377,2.49450969423809,9.12936592799993,7.15634143789764,8.11778070623132,2.6893068278899,3.68893602135067,1.60379893973391,4.43417343143543,11.8713985143622,8.9191586359167,6.38609466785642,6.13590553147673,7.52938517550985,9.94188646372595,4.00788147794629,6.99011279329976,10.5431675248746,10.1196906948978,6.18287900196559,9.28791416994941,6.47265232668825,5.70110116118358,10.6068620250382,4.23352770458589,10.8626500545468,6.62499134565532,3.36037390973834,15.0404462664705,17.399700680116,12.6705675823308,17.3506174066619,17.8855749919556,24.2124810052117,20.2172446070407,26.909332709931,8.96585659927118,13.8298643528467,11.4313142953946,9.65888787579692,8.59662996508044,9.4501006148812,12.056427176157,15.1345963283007,14.1140208184042,23.0267973994389,25.6022899287221,28.6836035131462,23.9571214974167,27.9063617586474,27.1099877749968,32.8138257827934,29.7022463943882,31.2892234834461,34.5173706543731,31.1538935393312,35.3133326031143,34.0058021698378
"Coyotzinco",5.07780835541897,7.07771914494397,5.70580277581461,2.73634302560613,0,2.72493070475103,3.30181395483163,1.5846387022442,8.3357965294387,5.70094967484065,10.3289265407169,4.49870391510213,5.02150519468133,2.45466599612625,6.56916684549439,9.33499227162888,6.20378587076093,4.16661933431186,5.89631858046362,9.08725967619364,10.6084089942784,3.01603614909472,4.8197284034319,8.8855018126494,7.71013642688764,3.48141665824483,9.53207020043597,9.12598144831577,8.43702663847256,13.0673642187993,6.15305352790455,11.995178411284,7.74496020339044,6.09118856971916,14.2488087823611,17.3081863244379,12.1273022813621,16.6028973255045,16.2772383471362,23.8855739523613,19.1278651879204,25.9925524601173,8.82165852832611,14.0966259969775,10.0619347620348,8.42304395371223,7.51787054540532,7.31694693909107,9.99005398201976,13.0172637561404,12.5514073351331,25.3458859082503,28.0358461172054,31.1750340722495,26.1122942531755,29.9487990376814,28.9612096767299,34.7000243288146,31.3589975726098,32.7352995263231,36.5844903069355,33.5051444113671,37.5738433562308,35.634651634277
"Zacapechpan",2.61863502902398,7.08425734161956,5.27902531130138,2.68157794906864,2.72493070475103,0,2.52384469437704,1.15681340369176,6.45859172382078,4.57321352832554,10.689735910591,2.33930708413388,6.29536349858802,3.80127907568914,7.08128095559961,11.6977237008336,8.21647509771435,6.84825677826075,8.18697552142753,10.2080704240177,12.453476278625,5.5052562973297,4.8683912571907,7.96542773305172,8.10552948938727,5.07030910026089,6.98727925948114,8.61724216477778,7.44087972587196,12.9718638294114,3.80753444131347,9.27045941074575,5.02441704793597,5.35700902630311,16.8410627530373,19.6313078197269,14.6251034547101,19.1886131940616,19.001809204707,26.3312349814552,21.8053991384029,28.6395839187344,11.1186167520131,16.2147165295726,12.7675174294822,11.0999894436234,10.1522567344579,9.984881151664,12.6604503382809,15.6564450612957,15.2757219773306,22.9864193268258,25.790819004776,28.9983454530156,23.6211943803447,27.3844689221695,26.3182132293089,32.0634366916601,28.6637752838603,30.0138490533257,34.0246548952846,31.1565549127954,35.1385508181171,32.9325586952818
"Xopanac Inn",2.79599622602169,9.45420218831522,7.72251729370074,4.87071475651377,3.30181395483163,2.52384469437704,0,2.39951310331163,5.10293587490344,2.417389449653,12.9879553699336,4.76555241808016,8.10581526290458,5.45996327271688,9.28013389494183,10.3171610218731,6.57466581168207,6.43367124430301,9.17223553900254,12.1603946571905,13.9033570634442,6.26128524859378,2.36579799331446,5.72458192972987,5.60104214910981,3.42573949188301,6.89643066408914,11.1102660746048,9.96471302025315,15.412129955979,6.00036346567368,10.0749207952044,6.21947014654621,7.8535934364102,17.2162167712021,20.5207424892546,15.2330311368345,19.5673761785921,18.5972092044558,26.9979879210241,21.8577460005233,28.7912782291752,12.076662717374,17.383751203814,12.7496080711164,11.2633860267442,10.4850095186847,9.33012229761382,11.9324169923762,14.7572340015554,14.9985043422371,24.800744658453,27.7273601554713,30.9930728816238,25.2324928049203,28.8317092044893,27.5533966124506,33.2994062934564,29.6620618389063,30.7707238988846,35.4610809191539,32.9556075148898,36.8045239490902,33.8734568562605
"Tocuillan",3.54652055040471,7.10084889185144,5.44183675733834,2.49450969423809,1.5846387022442,1.15681340369176,2.39951310331163,0,7.07488136691147,4.76090870721219,10.59976897502,3.23555753838215,5.76324882609066,3.13710204665759,6.88207185428461,10.6105818197141,7.21708946749358,5.69151518598214,7.26408660182886,9.79261477631579,11.7425331273024,4.48072181593733,4.50947258344734,8.11571620417281,7.68058513038672,4.14994808398701,7.99178530625089,8.87836503272458,7.89927253120895,13.0907909699568,4.82382040092843,10.4167970085446,6.17964063009652,5.66015027824472,15.7898281276365,18.7170386043589,13.6216956219699,18.1417147798548,17.852932761432,25.3598159008287,20.7043201548469,27.5585701819537,10.2043657261762,15.3921070352438,11.6454450475278,9.99771497433434,9.07436569814089,8.82947186653274,11.5051695711,14.5059005912694,14.1325678223421,24.0454247577173,26.8100154516406,29.9937889864412,24.7248938613837,28.5113112020938,27.4657449841267,33.2097536605654,29.8202126691721,31.167460047244,35.1507761043331,32.2140106833069,36.2259615139493,34.0893508687534
"Atenco South",4.05857022494129,13.2454352152866,11.34557386815,9.12936592799993,8.3357965294387,6.45859172382078,5.10293587490344,7.07488136691147,0,3.06588676443104,16.8943118607679,7.56886047079357,12.7452881749391,10.1823176360828,13.4478765697554,14.2146450157523,10.4333313712727,11.3696689222115,14.2320990556073,16.6578068038888,18.8172307743337,11.3387836778267,5.21967535753758,3.40601883706905,6.70212578177575,7.8425680569488,3.52270713985321,14.3021654623659,12.740275117552,18.7920922163995,7.75080639534755,7.55344209499565,5.76748185658206,11.2027409490207,22.2764265621054,25.6188087818529,20.3321020465384,24.6218738831233,23.2731323455518,32.0939981253155,26.7861615460369,33.7418944260458,17.1543607282542,22.4245831274544,17.7125328101288,16.3014513066709,15.564558167939,14.0181534843944,16.4759332394863,19.0592114517952,19.8041880331079,23.4784440771543,26.6843572604469,30.0652299612267,23.3703084695897,26.5036525204087,24.8027142818274,30.4559591467878,26.4269669105383,27.1189650555522,33.0058003632352,31.4197532202116,34.8682526932291,30.4834790752015
"Mextla",3.25091357825958,11.6563639650119,9.84580571803992,7.15634143789764,5.70094967484065,4.57321352832554,2.417389449653,4.76090870721219,3.06588676443104,0,15.2491553086933,6.44807194889638,10.5094139223563,7.86636596524231,11.5902959426184,11.2654350549824,7.4562468530499,8.34424344704047,11.5240838665993,14.5522312750103,16.309302626163,8.60567454486734,2.2168787021235,3.39424390427268,4.57641285747799,4.77672184888624,5.81113481010348,13.1296548768168,11.8143686425292,17.5289007029037,7.27559942889102,9.56632787073176,6.45724740516387,9.88027245920602,19.2936035102974,22.7869827141173,17.4234460513669,21.6311543875101,20.2094138597328,29.1624387512781,23.7356352133667,30.6944683686466,14.4004047177415,19.7367666350448,14.6788912489232,13.3092339700596,12.6187029325383,10.9522953247276,13.418195455644,16.0402864856371,16.740388760215,25.0651550511382,28.1367853426659,31.4683134718793,25.2386464603039,28.6189941064123,27.1162837982125,32.8283749687579,28.9670504653061,29.8371629366547,35.2005524184718,33.1495047321331,36.8114818170819,33.0990078378724
"Tepulequique",12.8365389127094,3.64902210784902,5.55103209383463,8.11778070623132,10.3289265407169,10.689735910591,12.9879553699336,10.59976897502,16.8943118607679,15.2491553086933,0,9.36224859733441,5.61571203994684,7.88258409079601,3.76177770373581,17.3404228694585,15.6058139140048,11.9742829927484,7.99323576152356,3.04537875653102,6.69235471090359,9.03924253722655,15.0334016677666,18.6428782585335,18.0376749320808,13.6660268934222,16.0700843476614,3.49804866086899,5.26623687595678,3.19896097307762,9.72140022320486,15.9368757894986,12.6416695451049,5.77552688365329,14.5028822772431,14.3718618733944,11.9688601784163,16.2825202298945,19.4059979597188,21.1560818172561,19.827560482244,25.4369988549691,8.62151207654796,10.422279582827,13.3977566989436,11.825740073537,10.8022207740741,13.989899352719,15.879384835056,18.6758478307219,16.0440842520153,22.3843728645515,24.070063766138,26.58058636133,24.1258973391904,28.375945344954,28.4303232330124,33.7448349509888,31.6334573245025,33.8743662567391,34.6021173327466,29.8764340057092,34.4054308458081,35.8767844138136
"Acxotlan Tecpan",3.54602127911836,5.72670174328976,3.81990549268176,2.6893068278899,4.49870391510213,2.33930708413388,4.76555241808016,3.23555753838215,7.56886047079357,6.44807194889638,9.36224859733441,0,6.10977095186492,4.2887381132444,6.13320183895659,13.7990981932773,10.4526198809795,8.61779282208343,8.8205817953906,9.52557759212163,12.3706797702013,6.60704478214746,7.13131729810489,9.73982044401691,10.3641152918135,7.35951424430184,6.95176970425248,6.78188812180344,5.37067894832108,11.2553911618359,1.66271790949278,8.18200854764921,3.98270100625866,3.63392775101048,17.7297461339963,20.0031149061891,15.3532521983563,20.038819835408,20.4650395706351,26.8494339291129,22.8973439080412,29.5986005934124,11.6224270974501,16.3545164983567,14.0544402343856,12.299504289152,11.2554342191319,11.7603878229571,14.4183717197113,17.4717388629593,16.6984329757912,20.8561291647742,23.58607894507,26.7607563171145,21.6187326460579,25.4819649679927,24.573774794237,30.2980329876512,27.0905858159254,28.6269699861962,32.1125603591948,29.0197857750033,33.075374348033,31.3876297939362
"Zecalacoayan Aytec",8.85762108065317,3.36026888591402,3.52820857361865,3.68893602135067,5.02150519468133,6.29536349858802,8.10581526290458,5.76324882609066,12.7452881749391,10.5094139223563,5.61571203994684,6.10977095186492,0,2.64628565598183,2.18940397776473,11.9540629195341,9.99396821828879,6.43165571718931,3.45824087391448,4.07168377967267,6.27723923519386,3.44599715314277,9.8411199176261,13.8185794836037,12.6510127143728,8.14898000831347,12.9477321887033,5.71145566456231,6.05428913839783,8.65973883455882,7.34122703091898,14.1826671574004,10.080345059827,4.21710560713986,12.1431085486297,13.9431157672758,9.62721759537828,14.3572186770257,15.8488520960999,20.8342055695213,17.4977175684896,23.9449332078766,5.77726905544346,10.2467500912606,9.3694547187814,7.58422761958376,6.45350841392285,8.7974943090673,11.034926218685,14.036629770849,12.1532975592584,24.6497900392163,26.9014639863599,29.7772738743098,25.9070200143044,30.0135265202834,29.5127619604047,35.1265051746568,32.3324027497289,34.1368196508016,36.5349481986394,32.6151189480185,36.9539691078076,36.6440056330067
"Tepoliuhcan",6.41652749269762,4.75340139566926,3.69724687782193,1.60379893973391,2.45466599612625,3.80127907568914,5.45996327271688,3.13710204665759,10.1823176360828,7.86636596524231,7.88258409079601,4.2887381132444,2.64628565598183,0,4.12926101360979,10.7589682257796,8.15020127612418,5.1513828938186,4.56102133843252,6.71034633295862,8.65736950596687,2.4806943228941,7.24407958132666,11.1729406452977,10.1627582232466,5.8181340374937,10.6992343602832,6.94647606718588,6.56758581234202,10.6816685368439,5.83264904762205,12.4479292436544,8.19233135695151,4.2405016713335,13.4448638242613,15.9120896972058,11.0933722377109,15.7603933980727,16.3219474996132,22.6860357180016,18.6134688107264,25.3120740816586,7.43313695379007,12.4270010002116,9.84946898982631,8.06939480145765,6.9990419294469,8.0911342007462,10.6401832080034,13.7212597821718,12.5507429430335,24.4442514348568,26.9459561281637,29.9783317615203,25.4449740459184,29.4267279804845,28.6742683959553,34.3688542762121,31.29187217993,32.8916454539993,36.0264828605622,32.5445058927569,36.7482580644224,35.597061170738
"Tlatenco",9.40919474349523,1.32152316479605,2.51350296751944,4.43417343143543,6.56916684549439,7.08128095559961,9.28013389494183,6.88207185428461,13.4478765697554,11.5902959426184,3.76177770373581,6.13320183895659,2.18940397776473,4.12926101360979,0,14.1343174720424,12.0406349506406,8.57955426372805,5.43051874999199,3.43201381024293,6.78415850721467,5.57469502283309,11.2800523212551,14.9750316759901,14.2764610299721,9.93536604741941,13.0703299560848,3.57965608732372,4.24492638001187,6.60454754873568,6.93398263077669,13.6693761817273,9.86183872515505,3.07503690200009,13.6241910219257,14.7833624202661,11.0494952390767,15.7267715968994,17.7328278935775,21.7210208171278,19.0315421903962,25.2526255289631,7.23127787787287,10.8983790990422,11.3259034923301,9.57538401180495,8.45578584969689,10.9845373024489,13.187505674172,16.1637490100954,14.1005459430531,22.8789503916465,25.0055273397491,27.8108858288552,24.2684940625117,28.431112374363,28.0917397868041,33.6334086614125,31.0417014975913,32.9959494441348,34.888419172915,30.7553688851654,35.1484309174975,35.3440001488293
"Temaxcalac",13.1082691339182,15.1756645756927,14.4490393251555,11.8713985143622,9.33499227162888,11.6977237008336,10.3171610218731,10.6105818197141,14.2146450157523,11.2654350549824,17.3404228694585,13.7990981932773,11.9540629195341,10.7589682257796,14.1343174720424,0,3.81635483743075,5.63199715990628,9.49189146719717,14.8238630815555,13.6837211509518,8.60595264766991,9.04856041640551,12.2493761680354,8.35763025070252,6.89292767011517,16.9861399401558,17.5137229312579,17.3237981428896,20.5074039161335,15.4262036177824,20.3892132798637,16.4565429648806,14.9976153837106,11.4674107535489,16.2361660422399,10.9730700605193,13.3795824563791,9.83188057286207,21.0736596006233,14.1983597823001,20.9657695879587,10.5326853407033,14.9302753587993,6.90772315518283,7.01660399085239,7.44874871942118,3.51694918858132,3.55850237220207,5.04223856909829,7.28653902858471,34.650866032475,37.3699748308245,40.5070944243827,35.3173434459978,39.0423118793372,37.850906963683,43.5995842660147,39.9749596584833,41.0170036359825,45.6816152224844,42.8171673995422,46.8341107580096,44.1751223860095
"Moyotzingo",9.37009313209514,12.8676537351996,11.7823953362151,8.9191586359167,6.20378587076093,8.21647509771435,6.57466581168207,7.21708946749358,10.4333313712727,7.4562468530499,15.6058139140048,10.4526198809795,9.99396821828879,8.15020127612418,12.0406349506406,3.81635483743075,0,3.82666129529363,8.53538285749225,13.5467452420453,13.4303071132473,6.57352605895163,5.24053703270849,8.72229742559408,5.10549740895758,3.1958141176728,13.1712010753214,15.0966587132975,14.5933309571449,18.6328756531756,12.0166599100814,16.6188621815076,12.7739078664666,12.2360655689446,13.4411721954547,17.7749926009801,12.2451429997611,15.6234614734309,13.1038531281692,23.38226976947,17.0868760828271,24.008386516195,10.5459852364181,15.6613159866517,8.57701071762443,7.83993638057933,7.70750421320828,4.37004718603242,6.30505598006026,8.64675651774117,9.96885787454032,31.18930508852,34.0068414213103,37.2056879509942,31.7393084608638,35.3905883522654,34.1271649528744,39.8723452570074,36.1952958789266,37.2070713205394,42.0240960362702,39.3587658944187,43.2921522341027,40.3834510094526
"Coxtocan",8.91325600524025,9.56766145087474,8.82675513190671,6.38609466785642,4.16661933431186,6.84825677826075,6.43367124430301,5.69151518598214,11.3696689222115,8.34424344704047,11.9742829927484,8.61779282208343,6.43165571718931,5.1513828938186,8.57955426372805,5.63199715990628,3.82666129529363,0,4.71572744081433,9.76162654771102,9.67278928437628,3.00691458414482,6.49136906295654,10.7529174696428,7.99673158506995,3.75042218480844,13.2798236990429,11.8937213632859,11.7024035686706,15.0796536332775,10.2803184380092,16.0726565954264,11.8659122988242,9.39042278530963,10.9766009201607,14.7801364634731,9.27723992779653,13.3018315566832,12.2351601486563,20.9049420952654,15.4363670081898,22.3823829100975,6.93595484122099,12.2281643258683,6.34365708292232,4.99676295528897,4.4553679026802,3.1508558388877,5.82347715862817,8.85740670221154,8.58082232114751,29.3854944667142,31.9879406017948,35.0655290871047,30.2293465890238,34.0971724126842,33.1277882950373,38.866177957952,35.5113378195902,36.8414913897083,40.7295151399998,37.5257025228331,41.6505229309277,39.7807702553531
"Mendocinas Tetla",10.7805920259647,6.71735037216946,6.94648009393538,6.13590553147673,5.89631858046362,8.18697552142753,9.17223553900254,7.26408660182886,14.2320990556073,11.5240838665993,7.99323576152356,8.8205817953906,3.45824087391448,4.56102133843252,5.43051874999199,9.49189146719717,8.53538285749225,4.71572744081433,0,5.33358646464422,5.05051525523998,2.9184554239281,10.217972327661,14.5131651196045,12.4035883825785,7.8244391253985,15.1704960997314,9.00628310687632,9.504695759772,11.1919846600094,10.2891654286411,16.9985545787002,12.7521056606554,7.63385208722923,8.92839975531843,11.454400622951,6.5349448158093,11.2221451148119,12.3906263877783,18.1544074655023,14.1913148196767,20.7963745126302,2.94028037799941,8.21381979194167,5.91977016900579,4.14940912416424,3.02587255817892,6.04439301300788,7.91088677695176,10.8010620419549,8.70288892563513,28.1066049821717,30.3525442122804,33.2083285000455,29.3413317413892,33.4290725589442,32.8631586966905,38.5046528372227,35.6099687445325,37.3163736776023,39.9672218069339,36.0716094242692,40.4119496210692,39.9215499088815
"Atzompan",12.6709949212542,4.32428650735272,5.93468546198245,7.52938517550985,9.08725967619364,10.2080704240177,12.1603946571905,9.79261477631579,16.6578068038888,14.5522312750103,3.04537875653102,9.52557759212163,4.07168377967267,6.71034633295862,3.43201381024293,14.8238630815555,13.5467452420453,9.76162654771102,5.33358646464422,0,3.84959121977818,7.06365844069045,13.9061620657896,17.8807895587714,16.6534150249201,12.0886290121037,16.4759095088004,5.62533848386643,7.0168647672259,6.12436908560378,10.3646674830708,17.0663759590182,13.2937334812542,6.44973871585059,11.5123113445679,11.8139948139044,8.95801514921148,13.3716240001277,16.3611161265278,18.7150688101334,16.8735946764372,22.6767246959476,5.5842277559155,7.85216898231252,10.4106876842427,8.89971562390467,7.9264056850565,11.3726917046696,13.0616356634489,15.7673543796582,13.0228762092423,25.1195737747692,26.944502238726,29.5295637524074,26.7356212350081,30.9608392005545,30.8409508838907,36.2688280482207,33.9248650844481,36.0139771907091,37.2879986665632,32.7459248543748,37.2425444631517,38.2049958894139
"Malinaltepec",15.0591261377408,7.92952098346128,9.22968838458893,9.94188646372595,10.6084089942784,12.453476278625,13.9033570634442,11.7425331273024,18.8172307743337,16.309302626163,6.69235471090359,12.3706797702013,6.27723923519386,8.65736950596687,6.78415850721467,13.6837211509518,13.4303071132473,9.67278928437628,5.05051525523998,3.84959121977818,0,7.83257459133769,15.1835428467479,19.432271566756,17.453856819676,12.8674226526448,19.2218792235348,9.465816604663,10.7710561532936,9.4165206000047,13.4955640533794,20.3285832581126,16.3184413303364,9.84166072577473,7.87843603750676,8.02892466332273,5.43050666955646,9.59027557401761,13.1345055631401,14.9604683195659,13.1466647949994,18.8286702258574,3.16901105345252,4.11447765724458,7.90753131596407,6.85565323168391,6.23773878162174,10.1857111331484,11.1603082932595,13.4320143625072,10.1669190434643,28.9628270188661,30.7443433101337,33.2727848588473,30.5844049436189,34.8075439155393,34.6583791112202,40.1071568260121,37.7058091299616,39.7357170394807,41.1370079057128,36.5493420120377,41.0614753052113,41.9948946372283
"Chiauhtzinco Plains",8.02721970655605,6.57060506436689,5.96958867832879,4.00788147794629,3.01603614909472,5.5052562973297,6.26128524859378,4.48072181593733,11.3387836778267,8.60567454486734,9.03924253722655,6.60704478214746,3.44599715314277,2.4806943228941,5.57469502283309,8.60595264766991,6.57352605895163,3.00691458414482,2.9184554239281,7.06365844069045,7.83257459133769,0,7.35177278183263,11.6207654403394,9.74406594126896,5.12948164080362,12.4676878952399,8.90861724183803,8.82855634150924,12.1057168261511,8.21757979831268,14.6320060313244,10.3470511437211,6.58088360922728,11.3368000348566,14.2925063283498,9.14098503507265,13.6834585229011,13.8796876170394,20.8849708222746,16.3604137585606,23.1533898044835,5.81702002440006,11.1315115227002,7.44739882163138,5.69987364417044,4.68658047667267,5.69077759564052,8.18483825888714,11.2630136946288,10.1086032181986,26.9187960215821,29.3962537471281,32.4047887846254,27.9248612119139,31.8997006617649,31.117574546139,36.8214801640299,33.6905621083201,35.2266461568234,38.5030508307602,35.0108255984724,39.2253323793456,37.9904711725732
"Calpultitlan",4.71848255378987,11.5966274789501,9.94799472910649,6.99011279329976,4.8197284034319,4.8683912571907,2.36579799331446,4.50947258344734,5.21967535753758,2.2168787021235,15.0334016677666,7.13131729810489,9.8411199176261,7.24407958132666,11.2800523212551,9.04856041640551,5.24053703270849,6.49136906295654,10.217972327661,13.9061620657896,15.1835428467479,7.35177278183263,0,4.32386846242889,3.2381089843113,2.76199716710821,7.99076594859809,13.3740376969717,12.2963356699876,17.5963126142489,8.32697433011992,11.6311380151522,8.17063980311563,10.1335066107497,17.4610268241726,21.1895659013503,15.7338293762417,19.7758203691852,18.0846154001783,27.3962473569921,21.7301573473908,28.6929557401887,12.9774709088247,18.3522063632063,12.7455729695571,11.4873892646178,10.9001010757808,8.87402143230832,11.2726598802905,13.8426133584687,14.6807953855985,26.8507689994948,29.8459863528365,33.1418081100874,27.1502144642323,30.6246253739041,29.1983751775071,34.9245626717277,31.1195686453875,32.0329663159613,37.2283809685281,34.9785674175452,38.7317002145722,35.2699039982186
"Atenco North",6.30737221280327,15.0495406165829,13.2310454812629,10.5431675248746,8.8855018126494,7.96542773305172,5.72458192972987,8.11571620417281,3.40601883706905,3.39424390427268,18.6428782585335,9.73982044401691,13.8185794836037,11.1729406452977,14.9750316759901,12.2493761680354,8.72229742559408,10.7529174696428,14.5131651196045,17.8807895587714,19.432271566756,11.6207654403394,4.32386846242889,0,3.99408200109805,7.00348994844435,6.91714657279848,16.4814146799365,15.106204733181,20.9033621306648,10.3653593103252,10.9475915878447,8.9090820650714,13.2444765722266,21.6717088739138,25.499954735823,20.0245614248192,23.9618219298322,21.8259772471639,31.633697621325,25.7282942330434,32.6766219847242,17.2974058779771,22.6709520558846,16.8878862921723,15.7288538154364,15.1924170696491,12.8487589799566,15.0215935137867,17.2678767174326,18.6194825242991,26.8839891232932,30.0892297318817,33.4687238214613,26.7500096939565,29.816280005732,28.0324572864528,33.6399781742499,29.4991113480568,30.0034511529283,36.2783805982523,34.8137271870807,38.2231036784627,33.4742376897558
"Xalmimilolco",7.69772575999117,14.699325663038,13.1167744072278,10.1196906948978,7.71013642688764,8.10552948938727,5.60104214910981,7.68058513038672,6.70212578177575,4.57641285747799,18.0376749320808,10.3641152918135,12.6510127143728,10.1627582232466,14.2764610299721,8.35763025070252,5.10549740895758,7.99673158506995,12.4035883825785,16.6534150249201,17.453856819676,9.74406594126896,3.2381089843113,3.99408200109805,0,4.61505566583187,10.0749297074156,16.5584667940179,15.5244585869934,20.7095018677441,11.5091857700994,14.0052207864074,11.0253079011657,13.3351985985488,18.4884198454208,22.6627213616315,17.1227101492915,20.7028912395255,18.082811839968,28.45162793824,22.1774377468917,29.0812359039544,14.9064533926754,20.2242281658463,13.629281361793,12.718882710316,12.3875003552913,9.44712655517936,11.3550151786589,13.3987646936741,15.0638151348044,29.6365301304171,32.7131669128246,36.0432712689923,29.7666144964525,33.0677681040574,31.4586563481228,37.1337114752091,33.1290671889664,33.7845575471401,39.6159880297886,37.7089064066185,41.3271012141631,37.1791585395022
"Atlicholoayan",6.21537556287989,10.5364302163298,9.18202220895477,6.18287900196559,3.48141665824483,5.07030910026089,3.42573949188301,4.14994808398701,7.8425680569488,4.77672184888624,13.6660268934222,7.35951424430184,8.14898000831347,5.8181340374937,9.93536604741941,6.89292767011517,3.1958141176728,3.75042218480844,7.8244391253985,12.0886290121037,12.8674226526448,5.12948164080362,2.76199716710821,7.00348994844435,4.61505566583187,0,10.2139415156852,12.6073474791252,11.8696432979568,16.4986278462155,8.87769229265022,13.5005494466279,9.58811514405905,9.54199784081162,14.7043719221519,18.5084109177138,13.0218473722083,17.01565038655,15.4395845154237,24.6488699440716,18.9886552640924,25.9510192215309,10.4407310337182,15.8053905885949,9.98451062022888,8.73813384163427,8.19138238176383,6.17558576933289,8.66974748030522,11.3954179819072,11.9674276986592,28.007537903198,30.8492424446679,34.0662259603013,28.5435351590639,32.2012551226856,30.9649272356548,36.7125972271471,33.0876730962667,34.1773981871438,38.8364201459952,36.1757481919971,40.0975750965814,37.296906685237
"Zacatepec",4.45426232868177,12.5304295257179,10.6622807602068,9.28791416994941,9.53207020043597,6.98727925948114,6.89643066408914,7.99178530625089,3.52270713985321,5.81113481010348,16.0700843476614,6.95176970425248,12.9477321887033,10.6992343602832,13.0703299560848,16.9861399401558,13.1712010753214,13.2798236990429,15.1704960997314,16.4759095088004,19.2218792235348,12.4676878952399,7.99076594859809,6.91714657279848,10.0749297074156,10.2139415156852,0,13.0199221648001,11.2712026731264,17.4352215295551,6.35432774052508,4.03148592639944,3.53052877134104,10.3163240145171,23.7781287854057,26.6010404893729,21.6044827613104,26.1311646776452,25.4865903471633,33.3184838794431,28.6207782420253,35.5125997052783,18.0958997828206,23.1086137761834,19.5181016582025,17.9351676716895,17.0497639968535,16.2261860689133,18.8243406102924,21.6087993862127,21.8606174863015,19.9755369775017,23.2031608058494,26.5911131257274,19.8482341875011,23.0170988307329,21.3865637241747,27.0737648995341,23.1603454699591,24.0450354899419,29.5461371817832,27.8985026819942,31.3541108420161,27.2879583278774
"Tlachichilco",10.3235642412932,2.35953950467403,3.45025073322139,6.47265232668825,9.12598144831577,8.61724216477778,11.1102660746048,8.87836503272458,14.3021654623659,13.1296548768168,3.49804866086899,6.78188812180344,5.71145566456231,6.94647606718588,3.57965608732372,17.5137229312579,15.0966587132975,11.8937213632859,9.00628310687632,5.62533848386643,9.465816604663,8.90861724183803,13.3740376969717,16.4814146799365,16.5584667940179,12.6073474791252,13.0199221648001,0,1.82417317789697,4.49122852652496,6.71097762532565,12.5305511445867,9.51113220706136,3.26023520413115,16.8865743716852,17.4321355858878,14.3019880992832,18.8747888728968,21.2465161710036,24.3145725809597,22.2942256016377,28.2722471313145,10.5875127732212,13.4658765865748,14.8831092591471,13.1451843376135,12.029456189364,14.480048729278,16.7456397451264,19.7364254966368,17.6496194496592,19.5764756191405,21.5591919019788,24.2980866089036,21.1264530184361,25.3434980674881,25.2234908493834,30.6437498365774,28.3404094022571,30.4991041527862,31.7009308437419,27.3362496874787,31.7793373835778,32.6097976140793
"Atexcac",8.84849266665586,2.93794028809642,2.87565266660954,5.70110116118358,8.43702663847256,7.44087972587196,9.96471302025315,7.89927253120895,12.740275117552,11.8143686425292,5.26623687595678,5.37067894832108,6.05428913839783,6.56758581234202,4.24492638001187,17.3237981428896,14.5933309571449,11.7024035686706,9.504695759772,7.0168647672259,10.7710561532936,8.82855634150924,12.2963356699876,15.106204733181,15.5244585869934,11.8696432979568,11.2712026731264,1.82417317789697,0,6.16620932907794,5.0356320523067,10.7086980665772,7.74761010754035,2.35761972193668,17.8670039096264,18.7956217922006,15.2897929606207,19.9519843775171,21.888501613019,25.7161345349956,23.275635329674,29.4483458763028,11.4761542122125,14.8490898572163,15.422252474613,13.6385123837901,12.5077311840473,14.5138040598848,16.9296508969059,19.9791447617683,18.2060661276068,18.6484779467369,20.8481757680367,23.7317945008189,20.0250282350577,24.1947174503109,23.9129885701141,29.4195195087264,26.9347529868048,28.9972469447022,30.6437022788886,26.5704633375051,30.9338467910114,31.2247498344591
"Tlayacaque",14.8010900198041,6.01018348976571,7.69570268034249,10.6068620250382,13.0673642187993,12.9718638294114,15.412129955979,13.0907909699568,18.7920922163995,17.5289007029037,3.19896097307762,11.2553911618359,8.65973883455882,10.6816685368439,6.60454754873568,20.5074039161335,18.6328756531756,15.0796536332775,11.1919846600094,6.12436908560378,9.4165206000047,12.1057168261511,17.5963126142489,20.9033621306648,20.7095018677441,16.4986278462155,17.4352215295551,4.49122852652496,6.16620932907794,0,11.1786682352096,16.5653866763171,13.9082761777323,7.66351468063516,17.2942747503808,16.5378278441783,14.8264817886602,18.9078515325543,22.4120716962043,23.0684801333046,22.5096310207033,27.7545568568386,11.6907213685302,12.7121998487947,16.5341736444295,14.9963479736393,13.9869241114434,17.1793846130675,19.0760123111394,21.8561190886424,19.1394244506649,20.4872162893378,21.8379525295524,24.1311176036611,22.4616132672203,26.7198168259326,27.0767811712687,32.1618389061333,30.4458321742333,32.9003542618648,32.7202488969613,27.6243642538149,32.2112035144862,34.6038132470263
"Xaltepetlapan",4.07074464277671,6.23429268264322,4.43577329089761,4.23352770458589,6.15305352790455,3.80753444131347,6.00036346567368,4.82382040092843,7.75080639534755,7.27559942889102,9.72140022320486,1.66271790949278,7.34122703091898,5.83264904762205,6.93398263077669,15.4262036177824,12.0166599100814,10.2803184380092,10.2891654286411,10.3646674830708,13.4955640533794,8.21757979831268,8.32697433011992,10.3653593103252,11.5091857700994,8.87769229265022,6.35432774052508,6.71097762532565,5.0356320523067,11.1786682352096,0,6.84575630375104,2.95006646528805,4.00426566463341,19.2172622366752,21.2838795252739,16.7969158418672,21.5065567974718,22.0926351027252,28.1724394520882,24.4350330753492,31.0854583620511,13.0127516378643,17.5492235839456,15.6585243143976,13.8908697451726,12.8300077361507,13.4230791756107,16.0804332067222,19.1344471227021,18.323123633871,19.2248799734823,21.9921772712715,25.1918481044344,19.9598047539211,23.8193693309275,22.9249303763535,28.645016889674,25.4741433372962,27.0611490152295,30.4498431676099,27.392286800089,31.4270502807398,29.7758292552225
"Tepalcatepec",7.29831736427933,12.7878326839774,11.1580556729717,10.8626500545468,11.995178411284,9.27045941074575,10.0749207952044,10.4167970085446,7.55344209499565,9.56632787073176,15.9368757894986,8.18200854764921,14.1826671574004,12.4479292436544,13.6693761817273,20.3892132798637,16.6188621815076,16.0726565954264,16.9985545787002,17.0663759590182,20.3285832581126,14.6320060313244,11.6311380151522,10.9475915878447,14.0052207864074,13.5005494466279,4.03148592639944,12.5305511445867,10.7086980665772,16.5653866763171,6.84575630375104,0,4.28515074210082,10.6166615093083,25.8888580432674,28.1254355626263,23.5330482240133,28.2082222280186,28.2696085986845,35.0031515990037,30.992013393791,37.7500411018245,19.7996864458848,24.3928955644243,22.0154449725211,20.3142133295782,19.3185501854013,19.1694106398996,21.8324621547546,24.7551681062245,24.5461064881973,15.9630412759929,19.2170834835165,22.6119688425233,15.8227782886894,19.0663488032528,17.5672482995755,23.2954266346887,19.5871412734297,20.7734357851128,25.6358749929403,23.8670287305334,27.3465774090469,23.8045879522789
"Ahuatepec",3.47047306061666,9.18377441334747,7.37757000867678,6.62499134565532,7.74496020339044,5.02441704793597,6.21947014654621,6.17964063009652,5.76748185658206,6.45724740516387,12.6416695451049,3.98270100625866,10.080345059827,8.19233135695151,9.86183872515505,16.4565429648806,12.7739078664666,11.8659122988242,12.7521056606554,13.2937334812542,16.3184413303364,10.3470511437211,8.17063980311563,8.9090820650714,11.0253079011657,9.58811514405905,3.53052877134104,9.51113220706136,7.74761010754035,13.9082761777323,2.95006646528805,4.28515074210082,0,6.95351816461721,21.6189600252051,23.9857517849597,19.2856780387427,23.9445341756866,24.0201205811708,30.8269591747679,26.7073127688884,33.4743174542631,15.5887320308855,20.3269630377198,17.7359786100741,16.0299394151568,15.0336293202792,14.9910571869795,17.6641961808936,20.6331911008033,20.284914326153,18.6811695969997,21.703080652649,25.0220420445013,19.0228731066323,22.6172966381626,21.402549481472,27.1521314828249,23.6609122848014,24.9903762128443,29.2501881705547,26.8089431699959,30.6005025931389,27.9203985259817
"Nepopohualco",7.16909838220643,2.23028517304115,0.689162647461243,3.36037390973834,6.09118856971916,5.35700902630311,7.8535934364102,5.66015027824472,11.2027409490207,9.88027245920602,5.77552688365329,3.63392775101048,4.21710560713986,4.2405016713335,3.07503690200009,14.9976153837106,12.2360655689446,9.39042278530963,7.63385208722923,6.44973871585059,9.84166072577473,6.58088360922728,10.1335066107497,13.2444765722266,13.3351985985488,9.54199784081162,10.3163240145171,3.26023520413115,2.35761972193668,7.66351468063516,4.00426566463341,10.6166615093083,6.95351816461721,0,16.3406302744328,17.8087436965752,13.8035565220189,18.5257844248594,19.9914549775489,24.7433774593826,21.7091361084702,28.0998523367683,9.94657539688159,13.9518608835264,13.4846698175158,11.6836102108103,10.5560966921657,12.2695891009997,14.745512514847,17.8140673829308,16.2598931023523,20.5132885395436,22.8748286810063,25.8425214791523,21.7075771197256,25.8009574603515,25.3032125556511,30.9100793171874,28.1576036661992,30.029880008558,32.3333945754896,28.5394316833403,32.8281172006229,32.4672951697219
"Coatlichan",19.3247796235625,14.9304225672838,15.6556952086543,15.0404462664705,14.2488087823611,16.8410627530373,17.2162167712021,15.7898281276365,22.2764265621054,19.2936035102974,14.5028822772431,17.7297461339963,12.1431085486297,13.4448638242613,13.6241910219257,11.4674107535489,13.4411721954547,10.9766009201607,8.92839975531843,11.5123113445679,7.87843603750676,11.3368000348566,17.4610268241726,21.6717088739138,18.4884198454208,14.7043719221519,23.7781287854057,16.8865743716852,17.8670039096264,17.2942747503808,19.2172622366752,25.8888580432674,21.6189600252051,16.3406302744328,0,4.94764478114951,2.58501256550203,2.35506422419653,5.80600946025931,9.97470319321496,5.41220206331113,11.8700090128111,6.40665566315991,5.59946190424659,4.86444819304147,5.98558516775763,6.74378656034281,9.07271065507189,7.92261619316803,8.37398571996803,4.56382095619715,36.4508864566822,38.4132914215746,41.0391770073736,37.8920238629096,42.053003071854,41.6421617281967,47.2288689766137,44.4736841355156,46.232697805613,48.5090839760133,44.204792063068,48.6646762311279,48.785562079938
"Tlalnahuac",22.2330418238593,15.9556771304296,17.1723363354526,17.399700680116,17.3081863244379,19.6313078197269,20.5207424892546,18.7170386043589,25.6188087818529,22.7869827141173,14.3718618733944,20.0031149061891,13.9431157672758,15.9120896972058,14.7833624202661,16.2361660422399,17.7749926009801,14.7801364634731,11.454400622951,11.8139948139044,8.02892466332273,14.2925063283498,21.1895659013503,25.499954735823,22.6627213616315,18.5084109177138,26.6010404893729,17.4321355858878,18.7956217922006,16.5378278441783,21.2838795252739,28.1254355626263,23.9857517849597,17.8087436965752,4.94764478114951,0,5.54145113760088,4.18304336013776,10.0915805359738,6.9376603009355,7.28646300766082,11.239440320799,8.51530108174605,3.9679011316088,9.38142122118149,9.9535376101076,10.3247926904646,13.4948790641581,12.7428830366562,13.309880488097,9.51146343502734,36.7525541412424,38.331990107576,40.6681172480309,38.481618056045,42.7233934225226,42.6541556068767,48.0608021969356,45.7284508785059,47.7628892316803,48.9739557634553,44.1316518093529,48.6974085111741,50.0137178207753
